1 713 363877 652
1 460 382307 421
4 26761 292 1225263.0
3 882 65 2133418.5
1 656 76458 151
1 201 44350 901
2 211 205711 685
4 498532 941 132058237.5
1 176 110665 313
3 272 642 138738033.0
4 257278 325 101833370.0
1 994 525442 864
2 619 166999 940
3 369 547 14553020.0
3 547 836 47270.0
1 829 14557 156
3 700 726 3342575.0
4 5408 69 204800.0
4 106875 249 22936092.0
4 365058 551 120932174.0
2 700 369415 523
2 610 4042 286
2 603 199021 638
3 273 832 6638814.0
4 285256 312 130401408.0
4 400675 997 80511376.5
4 303656 368 125280960.0
3 177 113 5172233.5
1 954 681294 870
4 107632 639 9064608.0
2 155 43370 335
4 388094 550 136923776.0
2 825 916530 945
2 5 146385 563
1 865 734628 907
1 138 67218 120
4 204482 989 21138690.0
4 167168 210 66534336.0
4 5924 60 287584.0
4 142502 367 27665006.0
3 481 807 137897000.0
1 292 124222 486
3 38 295 90229506.0
3 738 508 41755016.0
3 567 241 4836348.0
2 398 257642 884
3 839 831 2726320.0
1 911 39183 832
1 977 112517 220
4 122052 598 12455065.0
3 152 383 12687447.5
4 260514 799 42469862.5
1 982 30698 782
2 537 37153 199
3 303 358 1169840.0
4 479663 505 227798434.5
4 378562 515 139134838.0
3 62 672 26359760.0
2 250 405248 902
1 231 420671 920
2 167 279869 758
1 81 451977 991
4 226296 560 45723104.0
2 758 654248 685
3 307 716 173136315.0
3 724 269 5745048.0
2 465 39174 69
2 786 213411 225
4 460127 526 201251610.0
1 806 466541 915
2 558 222283 905
4 385187 611 121414860.0
1 370 235250 640
4 7511 125 225388.0
4 685117 864 271634616.0
3 465 105 18612067.5
1 232 704950 833
2 223 149263 405
3 517 89 4493112.0
4 328670 636 84924312.0
4 106860 735 7768012.5
2 278 24962 33
3 431 554 105716780.0
2 207 819223 902
4 429460 987 93432562.5
3 970 416 17171250.0
2 447 207465 558
3 248 162 10704340.0
4 306860 739 63709762.5
3 914 124 16336716.0
2 32 259403 537
3 879 518 197253628.0
2 172 20365 381
1 858 625810 764
3 27 445 194124428.0
4 932271 950 457436376.0
2 429 506829 800
2 408 14444 29
3 154 71 1352061.5
4 49031 258 4658850.0
2 632 394962 470
4 485195 771 152668049.5
3 662 117 31314558.0
3 139 711 189028606.5
1 903 159167 292
1 921 192357 212
2 741 544185 759
3 821 970 8949960.0
1 486 129220 337
2 211 674267 872
3 828 179 1501937.5
1 274 81565 147
4 307 53 508.0
3 904 289 86370130.0
3 178 925 8453092.5
1 546 207921 553
4 190374 704 25739534.0
1 870 2802 84
1 275 29915 247
3 114 819 2500290.0
3 503 250 23436918.0
2 779 54292 59
4 266267 647 54789120.0
3 562 261 68811856.0
1 147 178611 429
3 10 466 285775.0
1 187 501223 516
2 499 337147 507
1 492 898164 993
4 467715 940 116360125.0
1 753 13217 16
2 8 180242 306
2 283 75933 890
2 932 382284 653
4 656144 818 263157052.0
4 10204 95 543802.0
3 321 228 1059345.0
1 227 164303 726
1 95 239363 254
4 60061 274 6581304.0
2 590 188966 376
4 65586 68 31628840.0
1 601 36297 388
1 939 702989 950
4 193280 733 25482201.5
3 99 365 32081363.5
3 197 71 2214478.5
4 149329 536 20800761.0
1 249 232983 474
4 243568 419 70793640.0
3 531 278 15404740.0
2 325 100579 434
4 173248 863 17389600.0
4 149400 409 27286487.5
2 112 179840 376
1 68 448078 631
3 587 25 2541036.0
2 211 37201 135
3 162 729 83708842.5
4 299673 332 135246407.0
2 82 346774 692
4 33830 218 2624409.0
3 832 60 19914462.0
2 61 302665 668
3 319 720 97884959.0
3 102 428 145384912.0
2 88 665092 906
3 629 352 65873290.0
1 858 344370 936
4 215053 861 26856766.5
1 585 25757 899
3 869 122 1335270.0
3 83 350 20020754.0
2 716 33815 177
1 22 36312 382
1 320 75659 99
1 663 734055 792
4 12662 513 155537.5
4 499558 753 165709225.5
3 144 572 219094750.0
4 507742 763 168939592.5
1 75 80272 199
4 48734 64 18552924.0
4 257559 536 61881120.0
1 732 423386 802
3 898 953 304153710.0
2 216 90844 139
2 553 97931 181
2 810 521226 834
2 223 407843 445
4 521932 991 137443274.0
2 639 439308 633
1 846 465288 682
2 897 706943 958
3 814 692 98359352.0
4 70317 201 12299364.0
1 791 45641 50
2 757 19916 833
4 407898 980 84888128.0
3 322 313 40042.5
2 878 362486 793
4 48858 64 18648630.0
2 50 357605 605
1 890 144894 148
3 877 201 90959823.5
1 320 268700 540
2 562 21682 32
2 465 23577 108
3 369 769 46425303.5
2 451 136503 226
3 81 253 35442735.5
2 578 36716 38
3 61 516 18408849.0
3 694 231 4712021.5
1 216 98966 250
1 194 352483 853
2 305 220265 520
3 749 403 134781168.0
2 374 497927 903
4 320146 504 101679652.0
2 100 273994 717
3 953 524 15150.0
3 792 161 46852738.0
3 459 84 22103280.0
1 22 448246 644
4 91882 419 10073248.5
1 944 178186 802
3 615 554 129258778.0
1 255 27295 160
3 390 218 7933336.0
2 460 683644 688
3 479 66 32883362.0
2 427 175303 236
2 561 7431 10
3 971 663 244871484.0
3 173 491 144934656.0
3 745 734 198810150.0
1 615 18311 553
1 971 783657 958
1 145 560999 826
3 478 567 92705561.5
1 857 467687 630
3 943 347 25678040.0
1 345 48250 335
1 753 307161 408
1 477 189517 278
4 301012 783 57859584.0
4 333807 613 90886624.0
2 307 418093 537
1 187 563446 983
2 609 46833 214
3 663 773 53732052.0
2 192 432888 726
4 573490 589 279194079.5
3 73 926 111656346.0
4 260777 292 116444930.0
4 131393 987 8745747.5
3 561 632 2440611.0
2 834 227010 456
3 950 243 109400287.5
4 285340 501 81256329.5
1 866 138464 969
1 190 639975 995
3 464 1 447810.0
3 347 240 3735725.0
2 577 27397 894
3 416 219 41401713.5
2 173 320852 999
2 69 650121 702
3 628 886 12164295.0
2 919 632304 641
1 998 360802 614
3 146 443 194606935.5
4 474089 556 202121861.0
2 28 210184 422
3 156 631 12399750.0
3 451 501 131164.0
1 93 106381 949
4 1985 3 652056.0
4 595802 596 297801204.0
4 398272 599 132404256.0
1 307 114239 626
1 923 224705 247
2 802 285258 961
2 140 118440 676
2 520 367583 557
2 37 3778 43
4 491132 801 150568431.5
1 17 185197 985
3 201 102 43633902.0
2 454 67254 167
4 92308 501 8503744.0
3 990 97 44804938.5
4 3202 9 568178.0
1 245 208481 444
1 155 11735 965
3 848 280 270108.0
3 149 800 98877653.0
2 910 465046 664
4 50630 64 20026500.0
3 975 355 151133000.0
4 493187 754 161294918.0
2 453 211477 968
2 870 88626 852
2 868 193540 669
3 245 660 52108235.0
3 306 502 20907072.0
4 75988 159 18155868.5
1 656 192752 736
4 14806 768 142690.0
2 416 359455 569
1 646 873826 882
1 185 632960 975
4 47008 974 1134336.0
1 128 14980 47
3 672 307 99517797.5
1 124 367045 531
3 190 110 4648565.0
1 134 59429 67
4 40236 264 3065400.0
1 20 274140 890
2 663 337363 700
2 279 130350 191
3 14 639 66150857.5
4 276226 446 85538616.0
4 8152 50 663639.0
2 609 64623 141
1 351 179775 504
2 151 139576 195
4 250 2 15621.0
4 29511 772 564034.0
2 518 93468 143
2 481 67135 126
2 846 60136 605
1 417 737 8
4 214741 866 26624130.0
2 673 104073 220
4 248936 858 36111995.0
1 227 279497 321
4 100985 241 21157488.0
3 13 44 6351099.0
3 859 907 119787808.5
1 683 724394 951
2 762 157506 504
2 407 449801 619
1 395 634451 911
2 658 94512 562
1 621 197313 886
2 77 430937 835
3 248 508 9024000.0
3 730 591 152436709.5
4 266687 503 70697760.0
1 211 617949 946
1 393 664713 865
4 235369 449 61690726.5
3 669 370 661142.0
4 130294 440 19290516.0
2 970 121690 503
2 156 376752 594
3 338 880 401613790.0
1 746 61136 366
4 479454 794 144757989.0
1 170 189589 617
1 830 246670 878
1 542 55597 715
3 851 548 260231769.0
1 569 452981 852
4 212275 782 28811094.0
2 273 334335 402
4 274268 607 61962664.5
1 665 568697 776
4 111719 869 7181184.0
2 825 26886 51
2 36 16521 471
3 201 592 31910792.0
2 121 324205 339
2 402 264873 443
1 766 129799 531
4 3161 5 980182.5
4 465657 716 151421435.0
1 904 187909 455
1 179 482 1
1 169 370748 571
1 895 434895 875
3 200 25 2496812.5
1 417 487461 996
4 21762 297 796513.5
2 600 11058 21
1 117 19422 27
4 88609 121 32442738.5
1 240 15698 59
3 881 899 9060730.5
4 106884 895 6382148.5
4 148891 221 50154720.0
4 325468 605 87544693.5
3 692 848 235846140.0
1 990 316782 918
1 305 362105 670
4 20159 460 441567.0
4 291344 449 94521847.5
2 599 100607 926
3 764 961 340491044.5
3 736 440 75204668.0
4 502329 574 219803134.0
1 142 119702 854
4 37636 100 7081778.0
3 982 50 3278051.0
3 538 475 173672002.0
1 451 289357 537
2 744 69936 72
4 106964 753 7596727.5
3 347 142 4036308.0
1 63 562311 822
1 338 49721 93
3 833 612 86722389.0
2 164 31044 40
2 705 702361 766
4 53347 973 1462104.0
3 26 939 97637808.0
2 731 817013 898
2 297 51817 56
2 804 450264 681
4 525403 742 186015942.0
2 212 54595 457
1 199 616647 688
1 438 602206 856
3 510 477 98322028.5
2 799 582091 603
4 83228 636 5445440.0
3 565 710 13195200.0
2 56 532300 542
4 206994 269 79638722.0
1 907 79747 146
3 957 18 5079900.0
2 489 3708 87
3 822 914 172791880.0
3 348 414 1670619.0
3 768 41 17789348.5
2 556 88396 549
4 559983 834 187998096.0
4 64877 873 2410624.0
4 137039 183 51309267.5
2 360 622256 814
1 169 913 62
1 52 180276 352
1 961 252026 337
3 451 426 8103962.0
3 373 426 207866148.0
2 176 70241 81
2 970 153814 542
1 877 9757 370
1 444 30426 789
1 302 765102 956
1 494 402434 870
3 272 353 66706802.0
4 55149 70 21720258.0
1 85 81160 575
4 50461 542 2348994.0
4 51791 116 11560510.0
2 928 196320 284
2 441 128413 428
3 943 592 4092364.0
1 554 56234 192
4 110895 115 53465197.5
2 995 236867 364
4 24502 39 7692806.0
3 654 278 105535705.0
4 355982 592 107029686.0
3 125 679 69111014.5
2 233 168133 575
1 398 496 2
2 173 6128 397
3 217 450 56809834.0
1 340 163553 719
3 872 206 133376.0
4 418663 977 89702380.0
4 873519 891 428190420.0
1 7 229087 498
4 273423 307 121758773.5
4 169193 296 48355135.0
2 420 3336 4
1 502 313927 525
3 88 362 1893.0
3 334 525 7288894.0
3 842 251 83841186.0
2 574 9572 11
1 777 131004 523
4 149536 301 37143366.0
1 140 1360 61
3 348 624 177168852.0
4 505419 738 173067732.0
4 564671 787 202575085.5
4 409995 627 134047513.5
4 46518 358 3022083.0
2 906 208272 321
4 405510 533 154257200.0
4 370155 898 76288804.0
2 133 106309 224
1 840 51436 364
2 730 199565 299
1 26 11065 83
3 25 782 346982874.0
2 355 359311 507
2 291 192019 521
1 635 154847 543
1 579 12351 218
2 460 639280 676
3 235 540 120637460.0
4 32271 108 4821201.0
1 435 334325 865
2 294 319236 423
1 477 378525 704
3 642 753 197271634.5
4 587039 750 229742998.0
2 103 110484 731
1 135 183135 750
4 211027 398 55944924.0
3 330 239 12807562.0
4 747619 789 354204042.5
1 267 376863 594
4 481705 967 119979156.0
1 529 262823 838
2 117 121220 349
4 554931 862 178624114.0
4 593907 906 194660760.0
2 3 53101 191
2 172 473617 501
3 760 456 38826348.0
2 182 284612 570
3 458 564 3525360.0
1 571 116801 295
3 563 858 426991172.0
1 28 362584 373
3 642 733 2222412.5
2 518 356993 485
2 237 673554 711
4 70908 113 22244360.0
2 507 4635 16
2 788 233962 851
4 634640 641 314171550.0
3 181 272 15323235.0
1 951 687826 875
3 767 662 315404700.0
3 466 319 101432688.0
4 124430 180 43005340.0
4 16136 39 3333844.5
4 76072 484 5977920.0
3 953 658 25142700.0
4 204641 556 37660016.0
3 24 101 43166.5
3 744 847 259562222.0
1 39 163482 181
1 116 494807 613
1 87 69676 689
2 212 136708 898
4 113867 245 26460218.5
1 888 547632 627
4 303700 937 49217544.0
2 196 64428 518
2 134 153918 376
2 947 17899 326
1 958 426825 799
3 532 374 145941012.0
4 93545 329 13298868.0
1 103 31303 60
1 97 177586 369
4 348012 744 81392496.0
2 601 329605 741
3 814 224 86462250.0
4 13514 119 765504.0
2 627 592439 988
4 25484 132 2458288.0
3 927 75 126406.5
3 133 261 9620093.5
2 494 184634 330
2 927 463185 842
3 30 132 34426404.0
4 47803 998 1144450.0
3 832 613 51863770.0
3 338 864 162374.0
1 249 717 3
1 878 94973 697
4 362249 815 80505636.0
3 57 238 6090926.0
1 706 686262 734
2 360 937932 989
2 675 393970 595
3 574 843 185658895.5
3 678 479 50109840.0
3 494 386 25330287.0
3 276 884 148848880.0
2 428 558757 929
2 301 384981 815
2 723 193971 288
2 749 266005 934
3 33 479 71416800.0
1 453 566845 664
3 933 700 154003046.0
2 540 304452 567
1 864 76140 82
2 855 415959 752
1 397 228733 536
3 593 213 49648840.0
2 765 147345 349
4 565219 912 175149145.0
4 555004 786 195947476.0
4 179272 294 54657141.0
4 352935 565 110232062.5
2 289 205105 251
2 564 328500 976
4 38263 206 3552762.0
1 728 54088 58
1 997 393357 577
2 792 550458 702
3 401 18 2740630.0
3 413 998 147353910.0
3 259 301 22874561.5
2 234 328369 899
3 75 298 139977864.0
3 968 332 786984.0
1 920 871018 991
1 594 129089 829
4 486680 759 156032000.0
1 925 199689 316
2 605 23123 27
1 95 1443 674
4 45813 69 15208618.5
2 502 500222 620
3 252 44 10925370.0
4 180544 204 79891560.0
2 300 164224 428
3 556 654 6304116.0
3 66 451 214870304.0
3 235 798 53534454.0
4 12509 96 813625.0
4 264492 539 64893478.5
3 695 530 5828550.0
4 178439 960 16583215.0
3 926 725 195446020.5
2 632 107912 720
1 488 40178 189
3 470 291 83734419.5
3 571 986 246132074.0
3 452 283 2161230.0
3 155 226 8157652.0
4 543873 799 185104840.0
1 423 176031 813
3 747 975 187253380.5
4 128265 413 19917500.0
1 863 629575 872
2 606 614076 845
3 233 953 32520469.5
2 741 902785 913
4 662442 768 285696108.0
2 242 77626 136
4 164150 317 42499087.5
2 586 230509 531
1 37 628310 769
1 133 358495 463
4 604286 812 224852604.0
3 795 70 29385350.0
3 885 842 409336450.0
2 586 10884 38
1 272 44812 655
4 65162 325 6532400.0
2 597 201369 286
4 89462 226 17705829.0
4 360057 520 124654327.0
1 528 826542 994
4 282623 822 48585950.0
1 904 95614 861
2 782 15605 183
4 45099 164 6198029.0
4 7198 590 43896.0
1 573 359883 870
4 864359 937 398674644.0
3 779 849 8670236.0
1 780 127450 478
2 213 139128 735
3 400 100 3563650.0
4 71916 548 4718882.0
3 61 957 29444792.0
3 640 83 11598241.5
2 919 29255 308
2 584 520614 782
2 979 7323 793
4 225194 307 82593340.5
3 403 663 42156452.0
2 34 521928 914
3 616 879 10654467.5
1 895 730039 779
1 853 429937 822
3 757 976 236921880.0
1 599 42304 95
4 81609 283 11766816.0
3 274 517 82674472.5
2 724 889804 956
4 195421 808 23631737.0
2 905 22375 226
2 938 73670 87
4 242333 688 42678240.0
4 528900 557 251108721.5
1 223 118705 186
3 961 636 180074029.0
3 336 187 19939160.0
4 281077 500 79003947.0
3 865 772 3065304.0
3 961 476 37324802.0
4 495132 519 236180560.5
3 4 415 186091655.5
4 496585 968 127373824.0
3 106 270 984385.0
1 626 88475 387
4 46890 761 1444449.5
2 970 231130 560
4 590998 811 215338032.0
1 703 229999 816
3 405 517 126948500.0
2 184 115728 572
4 744683 789 351427338.5
4 318218 962 52631040.0
1 850 16580 715
3 539 604 284674630.0
3 488 251 79707097.5
1 931 670323 856
4 660589 974 224013234.0
3 421 772 13721932.0
3 798 457 113810048.0
3 304 465 107082642.0
2 722 457592 785
1 297 348360 543
4 121896 612 12138984.0
4 333167 795 69811475.5
4 693484 853 281898792.0
1 335 273771 394
1 402 23283 263
3 612 189 2737714.5
3 873 707 177814908.0
1 145 398404 969
1 452 525677 705
4 81893 638 5255260.0
1 549 67945 332
4 81145 224 14696383.0
2 410 343698 517
2 916 8638 78
4 567642 603 267178600.5
3 163 566 71114946.0
3 321 95 1831280.5
1 21 328751 463
4 315119 425 116823466.5
3 992 603 30420056.0
3 157 344 437850.0
2 428 321736 481
2 3 279093 630
2 16 495808 626
2 839 75533 633
2 316 525514 646
4 34224 37 15814678.0
3 751 469 217739080.0
4 444628 784 126079896.0
1 323 82988 835
4 754504 773 368224837.5
3 688 161 8204332.5
4 301216 383 118447842.0
4 616238 866 219254625.0
2 860 272404 728
2 951 82905 87
3 286 813 22325238.0
2 823 449015 596
3 510 18 783096.0
2 396 280431 889
4 48788 524 2270928.0
1 868 112980 572
3 783 952 172402259.0
2 887 422834 519
3 788 217 28846080.0
4 7719 28 1062072.0
1 756 353736 740
3 232 195 23908118.0
3 820 673 160773450.0
2 934 30920 517
3 120 881 144882.0
4 67004 629 3568057.5
4 629085 885 223586100.0
3 262 312 130561244.0
1 941 347141 577
3 127 234 5899040.0
4 1443 966 960.0
4 414954 533 161526026.0
4 203109 284 72627560.0
2 984 12360 72
4 576629 743 223755720.0
4 93679 112 39174395.0
1 415 20787 463
1 403 29707 198
1 947 90130 883
1 803 9552 13
4 765156 999 293024452.5
1 680 119182 614
3 816 515 97577494.0
4 102378 458 11442353.0
1 610 403390 548
4 850982 960 377171972.0
4 152306 303 38278654.5
3 51 565 217819508.0
3 740 405 133788642.5
3 619 284 28141575.0
1 143 436193 513
3 486 975 30346501.5
2 98 3752 63
4 242011 883 33164960.0
3 491 165 37030839.5
2 106 90685 109
2 462 19120 38
4 122449 665 11273074.5
1 271 336367 778
4 659144 701 309893005.5
1 136 36480 88
1 19 418121 698
1 167 388529 507
4 435087 899 105283615.5
2 905 172469 204
2 338 30378 751
1 937 153928 573
1 308 246008 450
3 520 917 265922698.5
4 222710 614 40390512.0
4 47721 570 1996782.0
4 97187 150 31482566.0
4 191515 919 19955312.0
2 177 61425 88
4 524440 538 255610019.0
3 982 27 10397858.0
1 356 188113 523
2 782 90179 387
3 603 599 220998492.0
2 403 17518 815
3 190 513 54362800.0
4 34316 304 1936284.0
3 967 386 11536866.0
2 699 362487 876
3 522 317 57182636.5
4 111881 133 47056558.5
4 186187 216 80244339.0
1 857 579137 790
2 483 244503 245
4 711724 843 300445432.0
1 965 189125 280
4 126878 412 19536252.0
2 943 220981 403
1 781 403957 642
3 92 712 233646120.0
3 101 325 81526908.0
4 53560 551 2602752.0
4 529370 568 246683346.0
3 269 805 156389509.5
2 968 81698 230
3 782 951 387574066.0
3 465 147 85048.5
3 836 298 19074505.0
4 263668 476 73025862.0
3 45 744 1825950.0
2 334 31574 55
2 199 160645 286
1 923 58061 107
1 508 25456 924
4 637773 713 285241428.0
3 640 12 2900576.0
4 140467 311 31721761.5
4 230706 512 51977138.0
3 905 719 106512.0
1 243 46245 246
4 125717 500 15804250.0
4 518039 829 161859984.0
4 236710 286 97957323.0
3 856 280 81514560.0
2 434 215814 356
1 414 276426 738
1 530 523170 556
2 852 360132 998
3 993 29 547109.5
1 830 202610 531
3 833 729 147411.5
1 104 39289 461
3 875 950 7531250.0
3 48 83 3849856.0
1 837 437749 664
2 653 46285 64
2 75 386435 743
3 352 191 17317856.0
1 578 534530 648
1 918 296862 456
1 704 207956 404
4 58017 69 24387772.5
2 892 279772 560
2 696 398808 858
1 763 1678 305
1 294 69627 121
3 150 1 389262.5
1 466 526489 633
2 680 163880 204
4 637937 715 284589409.5
3 848 237 62040960.0
1 731 206911 244
4 511912 543 241301100.5
4 55073 935 1621564.0
1 132 55258 641
4 486777 577 205330120.0
1 842 376157 655
1 133 124603 461
1 99 764700 843
2 875 195731 353
1 229 437617 889
2 431 327576 719
3 533 233 42259800.0
1 591 9209 31
2 705 416505 440
4 48529 684 1721230.0
3 294 506 153759799.0
4 269415 322 112708684.0
1 188 452874 757
1 265 945965 980
2 100 62148 554
3 534 337 334518.5
3 251 806 217895160.0
2 280 50515 591
4 74117 87 31567399.5
2 251 37400 203
4 39058 73 10447008.0
3 756 792 113749560.0
3 680 347 23618101.5
4 435243 878 107879310.0
1 343 667555 676
3 792 578 5453056.0
2 279 402039 648
3 302 981 26243332.5
4 77600 213 14135014.0
2 558 622721 919
1 528 317728 610
2 902 636602 780
1 855 77178 103
1 85 14356 213
3 195 392 44501716.0
4 7170 241 105745.5
2 633 647756 991
2 42 58092 75
3 797 725 273178261.5
1 227 5989 43
2 307 192247 457
1 513 21105 264
4 220327 426 56976502.0
3 354 941 279504.0
3 802 240 12467158.0
3 764 533 16052760.0
3 665 929 308317152.0
3 279 318 6162828.0
4 96991 139 33836724.0
3 735 344 171358812.0
2 516 5421 109
3 844 542 57731840.0
2 50 314640 815
2 5 284619 761
4 51545 738 1799796.0
1 901 244565 314
1 304 244454 257
1 775 353061 737
2 376 126439 207
1 144 12724 370
1 72 71360 532
1 774 366658 388
1 484 657313 901
4 431229 683 136132920.0
3 54 935 361257133.5
3 26 839 40843920.0
4 289235 541 77316792.0
2 151 3578 23
1 113 732317 774
2 591 429232 499
1 451 50227 408
3 696 101 6574842.0
4 322915 813 64129196.5
3 870 751 17544537.5
3 557 263 47042876.0
1 832 357994 723
4 96335 207 22415316.0
3 141 235 6633274.5
3 7 644 153753719.0
4 541914 829 177123311.5
3 282 902 125880480.0
3 347 560 175908744.0
2 596 148900 806
4 372719 732 94889828.0
4 559416 623 251160448.5
2 210 401240 674
2 98 368614 724
1 762 734600 989
3 875 482 238986426.0
4 166529 330 42017602.0
3 406 398 32644008.0
4 109538 455 13185120.0
0
