69 81 89 8 52 57 11 36 11
96 63 8 30 36 62 18 81 15
6 25 14 85 37 26 26 66 92
80 56 44 39 21 3 80 82 33
69 46 40 98 65 56 75 6 22
77 92 79 30 68 28 46 40 1
68 40 10 19 78 80 89 11 90
11 87 33 8 7 58 31 53 37
59 68 82 36 55 65 88 87 69
29 35 1 76 20 79 38 75 16
15 34 41 38 88 53 50 71 98
51 45 52 64 70 59 14 37 22
35 97 10 79 20 34 55 41 16
19 27 68 87 49 96 22 70 32
0 28 14 69 14 17 4 25 93
49 26 98 62 7 10 95 56 45
48 63 100 72 60 35 31 60 36
8 36 97 4 70 71 42 63 50
92 92 99 99 33 30 24 70 98
37 36 49 77 24 9 46 5 11
63 27 3 74 25 82 52 47 32
18 36 99 40 82 78 55 4 97
9 24 22 67 26 44 9 37 34
63 52 48 64 91 68 61 83 34
7 40 56 31 22 57 28 15 94
46 20 69 28 56 10 76 3 69
50 6 60 85 94 78 100 29 89
86 38 41 33 25 90 38 8 70
58 23 28 98 18 65 50 89 56
63 100 2 30 69 86 16 76 78
32 83 59 45 79 46 3 15 7
32 63 98 99 76 58 13 73 58
38 28 11 50 45 27 83 64 25
11 38 64 92 40 79 64 61 51
91 18 35 55 4 93 34 20 69
77 53 97 37 25 90 17 54 14
54 51 35 47 69 46 55 20 20
45 30 77 98 97 40 92 51 21
57 15 63 67 85 42 67 60 3
18 64 35 47 6 21 18 95 65
2 55 3 100 95 45 40 50 99
79 53 71 81 31 3 60 50 16
8 24 19 42 32 23 33 61 58
78 21 96 78 29 65 54 14 90
82 90 42 88 91 17 44 67 36
88 72 7 26 9 94 89 92 84
100 28 16 75 80 34 47 42 60
97 15 96 26 79 21 22 15 38
69 18 34 11 6 0 25 54 36
96 33 16 22 47 46 69 68 4
87 33 63 2 10 67 10 14 30
34 4 9 14 36 31 53 62 78
36 7 97 19 80 51 55 32 90
70 34 51 53 18 11 58 4 1
90 33 64 23 76 4 63 82 62
20 61 79 15 62 66 96 58 97
1 94 9 38 73 0 31 10 35
30 81 72 86 73 16 100 13 71
48 11 12 96 91 58 28 11 40
45 28 90 28 3 31 11 13 34
26 60 46 62 73 84 26 8 4
53 11 48 75 14 92 5 91 32
62 62 45 52 12 33 8 30 24
99 41 66 34 60 61 59 31 82
11 52 72 68 60 34 41 66 96
37 54 28 40 73 100 92 84 24
24 80 58 51 45 14 53 46 59
13 28 88 78 8 68 1 3 53
73 71 90 36 16 34 26 16 91
59 20 70 86 41 41 67 92 83
88 59 86 62 10 24 27 19 59
87 50 7 100 32 83 56 7 16
89 65 39 74 43 53 12 75 41
91 10 20 43 76 78 70 36 45
86 8 31 82 62 3 73 13 15
17 85 35 43 42 10 39 22 23
89 87 16 11 47 2 91 11 95
12 39 3 98 82 12 64 2 98
78 99 51 94 82 39 52 71 17
32 95 83 43 67 48 50 24 9
10 7 94 59 69 54 66 59 34
95 61 65 100 91 1 99 42 17
81 26 96 85 31 22 67 69 18
77 27 55 27 70 22 65 83 70
54 79 86 79 16 85 85 13 92
65 79 23 86 66 34 25 43 46
97 60 6 98 12 2 94 19 51
27 63 39 1 40 43 99 56 31
7 94 35 96 52 75 73 6 18
18 96 13 25 40 62 67 39 92
68 82 15 3 82 70 24 13 26
58 90 18 96 43 46 35 28 75
56 29 31 66 10 42 4 72 19
64 33 7 42 28 24 86 87 32
49 31 26 69 12 51 24 8 64
52 38 23 50 93 43 68 46 21
62 79 76 73 94 95 53 89 47
12 29 65 0 80 42 20 94 98
37 10 89 57 41 86 80 2 12
52 27 55 27 100 11 69 85 76
42 21 19 31 4 27 33 48 46
85 57 28 8 59 33 29 92 53
23 1 85 70 82 80 21 82 64
68 71 73 77 45 61 95 21 43
91 91 93 39 3 69 76 73 66
11 8 84 18 71 83 65 75 8
70 71 59 93 95 40 92 78 79
2 43 47 34 17 41 43 15 93
50 94 8 84 34 59 72 11 97
47 42 99 75 92 52 76 67 41
49 67 97 38 18 71 23 0 26
26 76 69 72 29 96 46 82 45
90 74 23 27 73 49 50 61 9
86 42 36 75 54 16 15 61 78
10 70 34 56 61 22 30 43 62
71 33 59 17 10 80 23 4 0
73 57 40 29 21 43 42 3 72
21 27 76 51 77 78 36 40 21
87 21 87 8 72 23 20 78 47
80 78 99 22 73 76 75 13 55
18 40 69 84 61 52 62 3 83
86 31 78 24 19 43 62 2 56
77 64 32 13 11 10 0 75 20
62 74 60 74 82 66 68 98 49
22 78 38 91 69 12 30 85 4
36 100 16 84 21 17 29 69 82
64 26 5 10 4 27 100 76 14
54 23 2 15 12 25 38 20 49
56 97 75 22 62 22 15 64 100
58 12 41 1 42 19 90 57 58
55 30 0 1 19 95 7 34 5
32 99 62 18 100 34 82 87 86
22 7 98 8 48 44 42 94 81
60 27 56 27 12 26 83 35 29
82 49 30 45 62 35 38 39 19
59 97 50 32 91 81 67 2 95
2 26 55 71 78 51 95 86 27
80 6 81 23 9 5 31 55 39
5 15 74 86 1 38 100 83 38
86 66 15 0 13 36 23 69 37
8 16 73 5 32 18 79 72 50
38 2 86 0 87 60 82 21 23
85 34 26 79 56 1 45 55 77
74 100 60 6 19 37 50 17 56
76 69 79 89 86 71 88 23 44
62 43 9 24 89 18 23 0 15
0 52 96 4 21 51 17 81 64
19 15 66 60 75 74 82 18 75
12 17 4 0 52 10 30 51 27
58 84 23 36 80 51 40 28 3
30 52 30 88 56 5 67 1 95
34 64 45 95 85 14 62 38 95
27 77 90 50 96 28 86 49 72
67 13 70 20 82 89 69 84 85
67 21 27 77 10 64 9 94 64
87 27 63 23 30 81 43 73 89
91 33 62 66 12 94 66 59 81
26 4 95 49 2 56 65 67 61
46 7 83 37 54 36 51 62 29
20 74 79 19 75 29 42 45 20
45 93 67 3 99 75 83 51 38
77 21 11 34 13 9 89 67 81
15 68 36 66 71 13 97 33 44
64 95 68 63 50 34 27 75 56
63 84 63 91 96 83 11 15 60
88 61 6 63 83 25 58 4 4
18 73 40 25 35 42 15 87 27
55 74 50 84 24 30 66 95 10
0 68 54 54 89 81 92 91 90
50 51 56 2 37 0 22 67 0
81 71 21 3 61 80 4 3 54
24 47 61 52 15 37 8 84 58
2 62 74 26 89 3 14 4 15
90 80 86 49 32 7 29 0 17
45 14 47 90 77 51 27 83 47
88 63 75 67 72 55 93 86 40
42 82 9 67 83 38 13 57 5
47 50 56 80 55 13 74 17 95
84 96 34 54 72 91 37 71 81
80 98 53 17 17 3 12 46 41
48 6 42 98 41 59 67 84 85
35 67 67 56 65 79 6 8 92
16 94 17 98 50 17 29 43 32
85 7 4 66 11 42 1 76 66
41 4 96 20 95 64 67 27 95
88 98 65 80 70 65 89 31 6
100 48 56 3 83 72 44 91 100
17 6 37 26 85 82 100 24 92
88 60 57 14 26 28 85 24 10
87 54 5 59 80 63 32 75 99
25 79 16 68 55 88 23 70 81
32 67 6 22 33 95 95 60 67
18 72 12 2 87 93 90 42 10
4 61 26 76 43 51 11 43 33
5 95 82 40 68 19 69 99 78
66 81 28 83 46 56 9 34 77
58 22 93 87 55 95 44 67 17
1 7 21 13 63 43 6 7 93
42 66 12 53 24 56 94 46 53
46 73 89 44 10 21 31 67 35
969 876 144 23 369 876 947 861 26
37 788 443 3 799 955 301 10 461
869 493 882 702 76 352 613 271 957
309 69 776 758 989 861 553 776 617
430 140 574 84 70 541 92 54 490
115 441 518 756 408 283 687 927 137
427 298 440 173 591 115 942 369 289
191 553 99 114 956 839 395 363 647
994 760 145 38 613 555 389 277 868
653 291 591 600 189 487 678 450 124
740 333 574 291 232 620 208 48 1
397 1 396 14 172 149 449 501 216
907 747 314 226 718 339 618 806 110
205 31 871 873 266 976 427 506 580
440 890 979 338 495 459 497 6 796
993 757 954 72 306 888 499 467 295
570 176 920 478 3 728 419 619 174
596 524 501 942 759 806 105 361 2
87 623 284 524 165 333 310 250 813
841 319 10 817 573 611 604 189 248
522 776 110 300 493 841 408 19 60
139 14 623 752 347 816 376 737 683
626 702 542 705 525 489 786 716 391
908 687 539 446 626 652 563 554 457
357 128 335 918 462 320 645 905 759
694 224 532 759 429 737 742 671 447
897 411 178 401 223 473 132 951 180
138 363 839 33 298 664 729 832 197
132 82 25 812 743 993 956 11 781
941 24 718 308 506 707 354 716 226
520 367 290 177 283 542 634 860 102
53 217 578 664 929 2 675 944 459
645 923 919 199 539 667 234 271 107
296 194 876 759 435 385 864 434 77
422 753 293 993 863 940 168 536 703
476 32 752 722 641 839 646 310 749
781 538 388 730 150 102 162 243 749
134 970 623 0 397 528 484 633 462
238 325 329 382 788 946 435 400 633
593 266 68 966 497 138 983 861 911
392 312 837 528 983 621 555 36 348
346 116 972 233 861 642 664 411 905
654 476 545 459 190 277 2 167 500
944 171 912 767 539 797 655 880 148
455 410 759 753 336 569 498 181 513
165 563 110 457 365 393 294 570 72
857 996 562 780 523 274 971 372 27
641 47 732 76 641 329 484 734 517
132 710 946 236 229 112 619 847 484
15 257 506 611 645 163 850 273 787
244 640 989 49 810 501 271 334 180
680 260 784 874 950 121 661 974 766
518 354 318 795 465 366 179 685 949
505 38 398 574 500 483 155 567 596
397 657 274 952 344 555 367 32 487
100 28 23 652 743 670 323 846 781
743 299 902 180 38 13 806 612 115
943 822 92 100 688 86 41 897 151
211 723 712 224 244 462 431 821 922
416 871 626 887 119 936 323 111 468
517 123 195 191 375 408 133 996 213
325 51 946 239 532 798 957 85 373
881 531 312 328 283 108 791 690 729
908 498 519 59 102 117 480 368 96
91 743 466 563 504 740 443 600 204
223 874 813 938 919 303 118 107 661
393 987 598 626 790 522 895 212 131
187 667 449 74 46 926 572 274 260
270 132 785 765 265 329 557 493 237
841 548 926 983 234 131 721 29 340
997 46 896 415 612 409 831 318 863
18 337 844 296 155 2 248 803 26
134 696 877 602 120 814 443 388 876
391 237 225 56 627 383 933 733 705
62 988 947 359 196 594 660 674 577
227 842 662 573 950 920 294 478 455
677 758 286 385 360 493 876 371 883
579 275 521 870 724 942 719 382 928
600 427 825 889 156 814 471 300 164
287 670 722 208 933 283 748 245 478
545 32 358 852 663 452 21 699 661
932 971 678 378 566 535 539 875 223
917 81 863 70 751 551 854 518 240
425 535 396 673 61 212 679 592 270
348 419 764 882 239 911 618 690 526
888 862 833 704 480 785 705 87 406
293 608 225 731 431 564 622 939 694
865 418 250 815 288 642 225 975 335
563 216 205 182 564 960 439 919 57
727 26 679 576 996 712 748 0 701
782 791 167 17 529 400 270 997 542
412 262 300 388 258 342 898 364 233
649 136 297 968 74 273 331 65 967
638 304 877 990 919 882 125 154 828
593 82 758 639 919 467 628 315 924
76 26 833 604 738 539 960 577 690
243 1 673 94 822 2 68 660 203
765 392 619 805 501 556 555 790 213
43 698 251 902 628 537 654 528 743
598 257 203 881 615 444 427 382 299
180 653 137 555 966 854 334 450 975
65 342 797 365 234 310 95 124 508
551 447 538 488 920 744 436 529 146
694 314 959 184 838 598 964 553 801
663 407 724 732 925 333 719 148 631
552 131 209 188 487 73 290 756 469
904 287 985 705 570 372 282 121 451
532 806 275 225 267 154 377 798 679
552 869 677 501 215 812 422 884 714
92 974 618 746 371 412 309 234 625
785 456 720 871 862 942 86 844 725
605 624 581 158 952 260 232 319 912
987 740 738 625 148 767 861 425 500
135 568 241 137 316 514 894 958 604
529 924 762 520 499 530 432 585 170
816 768 36 857 87 773 462 132 980
106 811 742 969 503 69 904 794 952
999 707 984 626 552 926 851 368 841
984 884 324 37 270 585 527 223 67
654 271 844 80 324 199 161 585 942
846 552 405 285 701 596 736 227 225
392 643 384 519 690 736 468 830 993
527 979 749 783 68 821 342 676 993
782 651 483 109 860 903 642 64 182
80 781 722 982 253 163 268 982 438
589 11 117 474 412 869 572 119 936
921 444 505 848 141 778 701 561 365
264 477 779 784 49 734 188 212 811
687 146 99 262 399 940 279 547 130
127 889 870 397 956 247 60 328 82
520 639 382 307 91 918 184 781 664
583 561 580 240 792 7 978 529 201
306 732 162 404 662 355 402 663 931
372 913 570 33 241 878 154 615 365
935 778 894 86 521 821 852 14 975
695 756 734 302 438 94 598 25 282
287 104 689 424 516 564 273 685 281
955 929 723 159 807 240 692 585 710
438 225 94 904 144 86 835 937 562
169 687 351 156 836 553 657 559 524
416 556 948 306 425 636 185 222 40
635 750 960 985 265 186 459 335 346
499 560 576 712 806 908 682 449 771
87 864 333 475 393 960 864 331 518
952 524 782 965 507 414 946 3 848
378 967 511 968 491 269 84 105 869
340 226 386 625 687 993 97 760 60
468 474 559 410 969 684 176 810 727
589 999 480 280 815 702 633 73 516
699 404 523 663 655 608 607 677 536
846 351 571 201 183 145 788 942 655
489 961 329 757 457 21 714 849 33
603 969 538 735 567 355 250 794 487
257 781 855 930 39 973 677 216 488
771 187 420 687 286 456 703 797 717
775 591 843 374 464 677 303 986 377
784 581 721 850 200 640 542 296 47
611 197 719 981 486 794 418 61 412
852 811 847 440 693 393 334 83 86
262 401 689 8 188 166 611 775 515
853 701 257 706 707 872 786 370 410
968 144 121 744 704 451 619 692 549
47 637 126 866 792 453 202 331 548
607 990 113 223 358 728 875 441 516
663 409 222 77 98 915 151 602 940
218 556 486 565 500 162 377 94 192
320 327 709 462 20 629 889 12 424
740 193 410 602 315 991 733 375 343
49 156 887 258 480 667 427 736 143
629 442 2 737 253 625 791 15 777
167 632 117 838 573 855 157 645 812
315 879 248 36 897 997 463 468 961
750 292 1000 783 565 883 500 98 834
322 63 772 974 828 986 671 408 160
314 687 551 289 382 785 177 890 482
865 710 511 502 727 372 859 138 86
941 950 243 812 233 285 326 595 751
822 943 649 736 133 17 267 509 572
278 888 314 395 947 628 217 523 91
579 875 684 430 195 571 867 868 525
107 951 600 782 329 518 812 886 820
154 216 511 787 979 789 375 27 263
326 480 476 739 755 956 38 194 493
231 529 344 672 689 819 346 516 57
933 190 880 17 119 282 628 104 958
756 597 459 884 709 734 501 311 913
261 800 926 311 599 576 940 704 42
233 223 126 922 585 334 965 0 476
434 532 777 279 474 283 711 900 429
71 157 983 903 129 742 775 60 584
406 111 828 830 458 43 462 414 39
147 197 402 632 20 100 882 946 19
672 12 802 66 998 764 920 599 403
192 613 679 736 43 514 613 815 765
314 457 222 243 424 734 547 609 30
959 885 421 709 399 302 500 502 652
952 790 532 403 564 877 50 674 335
404 810 739 338 283 442 618 365 849
512 142 66 974 248 485 637 807 353
62 57 97 233 882 273 68 504 164
666 490 967 789 341 108 830 105 215
37 490 461 752 774 626 174 664 182
753 987 943 433 431 777 270 639 760
5 700 938 904 869 971 910 484 412
87 135 587 941 121 598 697 18 82
765 506 166 60 898 482 869 559 516
768 448 203 840 904 533 158 750 39
337 247 266 572 936 771 565 49 545
449 307 703 718 73 916 760 519 879
269 613 361 441 460 569 81 980 715
500 149 642 736 401 918 207 362 408
87 695 176 185 537 972 965 489 26
841 981 364 358 522 355 2 386 230
781 686 215 598 857 602 371 814 20
402 143 512 459 189 320 303 110 571
751 442 385 241 966 289 875 412 698
204 316 598 521 331 132 836 559 424
215 860 210 729 987 403 731 789 856
50 244 995 482 128 842 843 231 467
671 279 964 66 411 306 393 427 402
545 942 193 627 641 780 51 711 809
91 335 324 707 100 338 550 95 663
940 392 567 930 561 392 804 622 268
691 350 229 350 967 758 147 950 901
781 268 146 30 464 267 297 354 835
950 261 475 552 439 483 743 69 44
264 54 567 333 639 138 285 560 198
579 134 533 106 922 772 956 871 692
108 26 923 507 607 3 712 893 350
505 11 643 639 761 550 796 858 262
310 450 205 392 511 448 817 444 718
15 904 358 186 245 242 44 499 249
716 732 930 840 385 828 623 742 452
285 826 187 496 279 759 855 783 745
282 355 604 433 953 253 373 737 413
879 76 939 555 529 957 844 766 44
997 359 851 715 141 28 162 992 564
931 335 379 530 829 42 728 18 832
522 341 84 460 103 59 949 124 874
270 82 303 47 870 774 373 657 663
836 740 77 63 712 652 536 947 893
557 830 219 742 519 74 555 174 190
423 351 728 850 562 340 823 647 577
633 925 95 648 1000 455 917 517 962
668 604 848 522 28 512 403 703 798
99 68 830 677 666 472 559 497 891
878 207 857 463 695 176 2 304 762
121 572 120 293 76 0 744 149 984
376 830 632 465 995 69 203 799 679
243 714 890 871 811 818 392 236 719
847 920 736 332 844 243 730 92 542
940 948 648 865 839 747 396 934 57
842 783 588 510 85 640 131 1 576
841 942 731 493 572 654 841 43 269
460 132 982 21 906 842 98 117 352
551 874 154 491 888 228 44 718 454
430 954 936 169 232 599 532 711 265
277 30 590 22 439 944 704 254 683
69 648 759 850 502 505 778 293 586
261 321 835 222 532 636 484 597 756
187 514 819 71 964 979 264 44 553
111 99 851 606 211 336 42 533 327
805 734 250 321 590 84 279 572 810
525 920 185 86 842 775 482 202 182
250 602 707 769 564 858 238 72 527
513 431 791 534 755 341 346 366 679
375 877 494 632 692 830 575 405 986
675 342 29 577 135 791 310 647 619
278 754 836 217 980 230 301 272 212
361 493 669 430 918 676 557 938 248
519 609 527 1 779 814 901 745 823
625 720 227 740 102 854 25 66 212
84 777 41 391 475 194 361 240 26
662 517 435 990 652 632 999 758 881
147 74 773 41 924 787 131 724 866
796 304 133 42 226 64 456 419 306
176 77 263 512 112 425 516 84 428
940 23 353 312 239 318 801 273 532
243 763 291 928 813 664 841 282 317
195 278 965 877 271 138 691 802 429
343 995 734 333 108 44 515 168 541
459 843 749 781 273 814 385 49 173
760 373 4 904 853 182 737 68 622
409 775 313 900 765 15 949 256 303
533 57 477 736 774 118 206 608 375
213 33 369 143 837 71 133 531 71
717 717 48 942 387 773 526 97 728
900 483 565 781 64 682 629 938 876
460 934 878 53 579 670 894 329 838
311 25 353 540 533 340 501 22 148
150 191 945 773 112 59 498 858 590
837 979 252 121 407 450 864 847 691
600 814 4 100 353 695 632 750 891
855 309 812 396 153 854 429 750 214
869 911 288 262 595 556 910 649 300
493 722 831 52 206 461 700 385 234
236 140 818 282 643 690 6 303 828
652 576 464 901 527 281 261 559 791
346 343 805 183 595 756 525 848 253
731 507 862 969 444 622 896 584 501
673 594 209 700 999 731 151 723 508
97 157 741 988 761 114 481 993 874
630 293 329 502 538 915 515 769 935
500 397 403 405 921 675 259 454 239
337 889 803 484 441 569 111 841 730
398 179 513 71 99 500 734 540 954
82 646 75 185 604 634 1000 762 475
939 752 899 740 407 888 839 680 629
627 556 549 199 515 324 36 581 601
530 855 134 943 894 141 840 707 477
269 679 956 197 425 638 614 539 490
367 898 347 204 671 220 820 630 520
999 888 195 979 508 799 44 756 716
177 227 461 829 798 984 172 117 182
663 216 963 908 201 871 539 192 593
85 833 267 883 987 689 881 224 326
909 920 781 688 766 327 270 387 168
887 386 911 700 637 105 160 664 554
747 452 445 20 71 353 704 89 865
433 209 453 63 357 880 621 449 15
935 369 397 659 261 290 724 937 579
213 645 688 812 406 183 667 811 678
458 240 337 335 76 835 399 743 265
461 496 302 132 670 220 378 604 588
999 615 867 784 825 590 196 180 858
973 226 527 74 678 620 731 22 609
947 818 315 451 928 614 829 460 544
682 931 369 727 318 859 606 870 700
329 278 372 232 149 117 729 290 962
220 335 105 270 603 717 764 276 886
98 626 908 398 703 741 721 3 797
555 297 717 439 451 972 23 29 838
53 925 975 653 24 769 297 727 450
309 26 161 563 288 246 452 253 551
977 776 200 430 958 610 14 544 666
386 660 182 35 38 43 17 795 940
513 643 170 505 206 550 420 944 831
906 283 803 666 991 975 701 265 104
973 162 623 293 564 591 7 554 732
94 449 925 857 566 97 597 423 667
684 151 395 230 509 619 469 367 628
627 547 239 133 533 39 155 434 961
623 285 826 59 191 767 990 858 615
916 373 927 971 480 268 903 27 58
135 792 706 401 417 92 397 794 11
894 498 886 907 596 51 416 295 182
211 111 392 15 103 943 445 647 520
32 190 749 813 520 729 983 630 797
17 869 81 264 372 268 601 753 552
713 675 367 726 952 892 923 690 465
709 548 511 732 602 25 425 727 67
799 571 802 353 91 940 886 188 381
273 858 911 315 358 986 802 116 361
194 992 148 624 77 355 644 233 443
738 956 176 691 424 830 908 227 13
24 478 260 71 673 120 694 778 640
423 951 276 524 170 688 256 270 627
638 550 484 942 21 418 687 720 863
433 409 517 595 884 213 24 948 454
788 551 957 468 95 337 296 417 11
452 136 730 464 636 545 304 274 448
392 227 457 472 645 310 168 564 700
3 4 969 669 399 405 730 927 82
861 687 38 50 148 659 424 448 200
924 37 260 771 654 572 353 546 617
944 640 482 391 740 971 282 909 668
206 759 519 33 244 167 740 70 536
893 491 659 192 889 765 826 20 324
899 849 608 986 19 323 895 447 727
643 619 319 427 433 262 786 672 173
447 321 991 600 9 992 192 535 604
778 955 820 886 884 720 626 64 63
889 205 973 306 746 816 812 592 117
439 523 196 932 405 220 237 353 877
214 121 601 115 870 605 620 714 38
83 274 70 184 96 44 260 548 1000
269 689 368 911 389 535 556 938 583
31 484 356 281 889 836 98 657 981
367 934 496 47 712 931 360 142 770
996 881 691 75 212 496 860 105 21
815 567 609 843 579 36 850 231 9
123 180 896 820 925 381 15 863 774
364 78 597 112 550 341 884 612 175
138 176 274 134 81 679 999 3 60
769 153 562 93 787 579 150 793 587
108 143 272 878 163 515 306 225 15
262 835 748 871 284 407 311 226 744
804 595 11 688 731 289 531 537 795
243 605 556 395 879 692 964 321 852
938 474 164 842 824 338 18 269 371
500 932 404 96 638 781 129 76 264
783 177 714 162 93 447 900 157 770
633 961 887 361 753 739 378 258 655
9 434 684 92 704 915 579 960 722
524 278 334 250 447 547 542 893 230
121 778 34 704 457 288 730 781 187
837 51 872 194 231 795 277 138 308
291 252 595 755 677 658 192 505 313
577 449 600 489 246 437 751 123 249
326 870 384 850 532 640 595 319 919
449 445 351 238 133 5 17 331 615
721 778 862 375 787 430 943 554 452
972 600 32 324 889 4 540 463 992
413 921 358 5 165 363 924 35 291
714 729 695 204 179 966 988 320 896
243 833 577 455 602 777 327 415 57
794 100 445 36 948 107 693 228 156
876 746 232 215 501 218 197 144 28
279 178 89 492 426 677 769 456 959
231 686 450 18 216 972 884 221 495
110 503 898 40 375 932 337 291 480
913 861 276 528 983 198 896 948 94
920 593 580 940 818 588 471 497 549
308 923 677 657 923 583 772 21 220
583 15 275 941 609 399 466 938 914
43 656 480 41 673 591 882 287 415
541 592 665 189 579 9 781 800 487
149 963 210 983 921 565 816 574 972
526 713 340 690 625 602 113 968 123
911 480 829 649 80 987 636 848 900
326 596 986 325 542 706 405 885 17
627 325 977 78 94 890 534 2 891
170 112 812 79 385 133 410 266 170
494 103 92 343 670 550 432 289 246
852 520 211 712 930 70 151 911 890
961 488 248 11 52 65 821 8 645
138 600 309 622 342 985 944 439 676
803 775 476 732 521 790 472 541 171
721 217 814 836 685 361 408 526 302
325 566 282 779 897 665 929 553 773
550 790 741 475 768 153 653 472 602
735 826 649 355 407 188 102 390 989
763 100 202 934 0 825 741 419 603
2 428 350 884 487 244 71 844 171
727 132 925 946 358 255 15 464 179
285 664 166 982 215 609 539 710 313
719 73 392 76 458 364 210 274 990
657 417 779 894 294 272 815 643 653
742 231 982 593 452 600 709 164 771
369 667 748 150 800 525 738 840 818
30 10 704 900 107 13 511 80 323
464 591 982 687 476 717 363 632 206
955 216 371 910 477 650 249 542 871
864 957 464 236 860 805 875 977 251
535 39 609 75 399 932 742 953 877
237 495 725 5 157 736 413 283 656
13 420 82 879 982 435 822 812 64
267 986 262 284 435 911 362 766 392
506 855 828 761 289 732 187 957 46
535 891 444 401 184 704 354 860 57
639 537 445 989 962 242 432 255 976
669 937 772 395 335 367 984 0 999
968 769 577 660 972 891 428 960 376
648 188 128 50 860 262 121 501 244
652 705 725 514 398 804 146 576 963
86 625 61 959 833 104 785 952 825
528 883 21 203 232 564 703 603 850
766 716 781 295 590 387 473 424 417
15 179 302 826 809 308 317 724 516
372 674 963 606 357 846 900 162 551
405 639 643 945 922 526 594 291 935
217 409 461 891 395 410 439 317 100
553 947 710 833 642 156 483 581 830
622 661 482 709 609 647 212 648 17
879 738 381 231 476 162 997 739 528
611 693 697 344 233 559 299 283 63
446 110 618 446 923 892 380 743 153
484 577 318 425 283 535 675 907 775
266 24 658 648 32 31 883 431 776
435 636 211 906 96 408 116 485 166
184 607 343 513 394 333 739 892 615
260 966 41 80 572 914 317 121 206
751 637 637 865 843 554 870 115 205
89 80 587 573 242 94 124 827 689
992 627 770 184 492 478 310 360 688
1000 577 561 260 225 556 433 145 432
853 650 355 536 894 86 570 591 266
584 668 675 31 117 300 485 825 410
533 598 62 836 754 343 150 664 482
624 121 834 727 82 460 446 59 579
118 269 522 512 738 183 978 27 821
17 378 264 695 137 789 781 234 697
838 500 722 461 571 395 479 341 476
697 840 177 437 548 496 638 471 297
688 946 772 929 986 78 785 754 7
295 730 263 331 940 216 913 749 846
793 707 974 4 435 324 59 622 154
273 867 674 147 999 283 37 54 589
924 971 640 624 118 763 637 148 982
186 996 149 328 643 22 750 354 784
166 204 719 567 834 557 240 712 508
334 855 806 77 491 288 187 37 323
561 209 440 57 664 483 189 467 48
468 363 786 541 231 100 717 50 752
40 815 261 162 473 513 655 844 755
802 435 70 626 192 742 977 327 150
52 836 68 438 687 813 336 927 843
270 318 160 343 86 928 780 555 426
138 410 98 664 388 256 427 576 896
741 873 701 258 457 300 162 759 972
72 853 403 699 315 957 631 738 297
352 936 608 956 823 488 487 483 897
294 175 814 218 81 588 736 623 195
505 984 696 136 493 264 8 156 992
852 878 329 969 791 815 879 418 490
289 41 180 502 771 284 100 308 229
819 80 965 997 940 79 309 465 426
905 187 213 840 902 687 997 320 519
541 700 491 617 575 988 340 103 30
781 139 685 281 744 864 544 33 337
853 891 496 246 73 894 487 500 135
870 725 832 1000 837 644 598 591 745
58 756 856 153 235 360 659 272 914
287 353 669 142 401 375 521 958 999
948 567 930 899 965 111 117 930 397
728 29 435 289 813 985 431 936 670
348 605 42 998 87 827 503 557 16
183 75 640 296 195 548 387 986 210
557 523 832 787 969 897 83 184 773
428 557 886 166 621 718 797 38 765
483 764 232 968 759 632 291 412 94
673 386 671 16 776 885 903 908 588
982 934 707 245 794 477 839 936 298
91 816 522 413 42 368 47 460 905
739 578 8 816 115 868 584 319 530
665 894 315 72 930 398 866 231 441
256 462 9 807 756 259 819 574 931
524 407 342 465 445 639 204 165 428
593 211 761 378 304 702 758 116 384
85 749 104 96 104 201 252 218 786
393 0 116 365 603 505 205 138 326
321 411 527 926 790 687 54 403 532
275 43 595 745 802 302 102 874 348
835 128 393 588 132 346 310 221 516
938 39 696 281 646 253 34 211 914
44 313 351 240 184 92 304 876 891
236 785 329 997 71 264 332 604 494
825 373 176 877 281 648 116 155 342
534 89 528 326 710 910 139 277 810
113 846 251 985 770 620 901 32 31
535 577 441 712 841 224 990 1000 423
369 959 603 200 447 503 249 987 525
471 279 718 517 90 474 804 365 450
47 635 109 368 186 611 629 203 415
774 398 890 650 76 393 187 556 107
398 436 837 185 697 575 432 918 479
844 231 774 567 833 453 883 598 633
73 321 435 350 779 310 191 346 651
41 422 654 435 800 918 325 449 451
208 777 285 245 428 291 341 74 665
471 81 724 601 822 243 204 259 98
944 368 318 327 777 296 571 570 195
670 749 215 433 520 889 271 843 992
1000 522 279 441 73 583 460 120 883
724 327 44 591 286 362 561 396 853
518 389 735 610 104 468 404 486 7
924 37 180 540 342 390 39 235 458
498 770 399 473 672 366 581 914 485
798 240 928 61 654 574 471 852 580
537 849 450 725 250 602 675 327 33
387 1 129 303 991 945 736 153 977
832 282 889 518 948 14 3 446 343
114 501 37 509 740 87 535 240 701
670 924 601 565 694 350 374 552 275
128 672 926 584 328 168 69 26 483
405 407 567 33 461 391 685 790 196
28 847 109 862 477 751 812 790 414
674 827 727 961 463 912 945 261 300
850 587 943 224 838 203 280 956 523
824 686 980 443 20 361 427 801 213
478 802 735 950 794 228 947 894 69
171 197 767 214 646 973 230 352 316
463 574 734 801 245 764 601 860 731
821 777 952 467 120 720 644 935 994
979 524 487 22 361 50 765 195 305
577 550 699 17 338 319 974 460 563
386 322 117 346 829 843 394 975 854
198 366 430 21 910 738 329 501 142
149 354 975 976 984 420 296 107 944
980 384 266 726 121 670 728 907 640
67 537 568 210 359 598 792 963 242
131 258 15 21 248 871 754 577 123
898 335 959 658 369 995 352 575 94
15 124 90 74 988 415 898 460 642
195 425 702 342 183 122 734 832 568
304 912 267 355 585 408 725 660 633
936 78 482 981 431 734 485 395 984
820 563 163 688 959 280 781 531 502
549 34 206 569 545 544 676 304 885
395 948 76 479 196 891 375 891 249
447 497 969 934 804 771 925 496 672
5 765 726 569 565 41 754 174 171
936 933 860 67 266 105 525 989 817
181 225 10 235 898 580 283 299 615
464 182 877 86 113 362 510 974 685
733 157 615 289 594 155 211 665 722
868 412 693 408 265 704 701 390 300
838 497 991 601 940 738 449 904 855
129 27 830 985 858 921 399 740 876
30 792 985 138 26 860 589 262 68
149 733 739 901 689 385 902 252 588
438 217 52 850 555 327 611 140 365
863 525 451 598 722 464 884 45 874
568 373 934 732 72 461 708 431 529
95 99 860 272 38 357 186 353 523
9 163 334 117 891 430 731 914 605
430 741 742 656 945 323 160 835 926
278 332 697 502 390 709 39 873 558
785 959 616 379 577 441 740 459 207
724 86 236 516 98 215 928 12 321
595 308 240 795 141 660 878 575 597
305 784 905 585 311 446 57 998 146
900 679 373 231 750 925 680 411 955
466 25 976 219 532 536 802 951 540
912 965 601 553 864 657 350 657 900
484 540 742 194 414 988 866 198 317
662 719 145 482 135 397 637 860 379
552 116 494 297 84 757 101 95 990
626 192 644 644 301 539 990 542 185
623 967 937 441 883 129 444 821 591
781 269 719 532 767 835 758 190 193
234 812 574 325 806 325 657 7 446
573 162 88 655 83 802 829 515 230
234 579 391 382 793 482 430 693 193
831 974 368 791 303 730 157 764 463
511 585 977 995 618 355 46 165 958
599 544 439 202 717 93 346 664 952
128 437 702 151 727 839 732 914 812
129 511 576 691 775 54 896 253 167
508 406 738 684 826 119 767 978 437
639 142 112 485 919 948 696 911 980
27 123 199 576 139 331 272 138 123
586 916 722 268 585 534 42 387 157
114 426 456 827 790 571 322 535 583
231 318 42 352 526 672 329 191 244
958 595 575 784 292 170 858 684 555
867 527 521 754 985 310 791 338 700
57 187 56 375 813 404 411 889 750
915 555 606 659 330 391 289 476 501
259 791 831 71 945 195 750 361 672
827 559 135 491 822 206 362 978 867
415 220 487 635 428 911 323 308 207
68 694 540 374 145 111 971 954 216
710 280 879 222 970 398 879 922 877
306 164 408 136 655 40 51 928 285
624 518 480 577 601 289 50 26 11
759 803 812 276 19 392 954 842 640
528 136 883 932 134 102 85 722 76
729 912 855 675 221 116 176 477 322
97 358 344 367 189 793 594 13 762
684 541 573 976 247 168 371 360 692
493 961 71 784 169 189 313 514 902
123 421 511 788 389 823 4 751 102
722 798 948 859 377 527 597 640 638
645 639 41 168 560 255 560 196 92
385 849 724 875 293 805 983 729 198
642 241 698 367 344 523 777 177 524
420 342 605 876 461 892 281 807 768
279 673 870 166 343 800 557 556 133
44 440 305 679 973 444 212 70 576
600 659 577 417 714 468 79 739 68
821 718 349 798 743 717 337 891 694
972 730 582 576 328 629 292 670 375
264 506 172 528 953 184 0 772 105
627 583 777 709 148 595 206 975 742
385 712 936 361 735 849 603 299 672
825 155 702 247 307 164 96 168 633
613 713 80 590 600 388 803 962 911
444 773 970 675 645 595 443 220 194
23 754 424 318 432 852 459 133 328
382 84 904 109 310 374 574 131 943
114 127 369 30 856 383 84 840 850
213 577 649 175 732 150 577 533 243
826 615 984 683 673 632 609 114 680
382 271 704 462 425 699 777 27 772
664 933 555 727 89 439 875 823 21
864 350 777 93 879 838 618 124 131
891 406 94 822 173 753 238 728 120
499 703 284 767 259 247 53 240 9
830 581 478 102 308 583 0 570 497
324 902 387 812 593 135 995 361 689
640 864 966 702 530 159 156 673 212
176 384 601 739 346 738 698 339 814
824 599 85 34 694 284 298 693 520
284 60 454 552 129 396 26 321 226
964 56 306 731 849 279 118 124 213
572 681 924 984 928 9 513 822 136
63 245 14 153 33 19 341 737 592
733 666 662 687 548 460 542 134 705
861 866 55 625 441 562 667 897 710
347 123 846 942 678 799 982 775 32
216 696 53 11 871 774 192 848 676
451 274 358 514 606 491 163 718 2
331 651 865 191 263 306 814 234 988
941 556 546 555 959 644 199 192 857
288 276 568 611 523 758 140 311 470
203 797 378 811 166 498 9 351 755
23 440 908 719 550 405 546 875 158
591 406 798 834 346 741 266 924 318
411 807 538 428 856 411 630 961 44
1000 295 282 683 91 272 889 991 913
125 694 659 699 547 823 463 558 937
449 670 591 103 822 851 164 274 920
751 942 728 332 257 53 958 499 704
739 582 908 81 380 189 890 113 412
399 824 915 667 830 332 671 941 164
923 843 829 215 725 549 700 118 373
219 883 899 830 636 425 330 54 336
214 77 548 527 591 989 410 949 664
766 229 623 668 205 278 68 709 329
342 747 609 280 495 693 0 385 712
353 580 44 872 643 144 148 631 45
460 75 189 718 490 279 836 582 563
960 479 717 74 576 222 33 6 267
256 360 579 661 932 796 648 898 458
843 465 979 745 760 821 392 715 163
135 342 871 607 897 608 690 758 986
566 154 114 153 426 903 610 497 352
15 4 476 249 122 414 863 959 431
557 397 34 345 475 138 892 344 870
818 631 979 403 986 752 837 976 15
277 422 618 813 820 291 808 953 659
176 954 604 704 996 333 287 733 587
496 194 122 404 265 775 498 816 903
436 288 7 578 742 731 372 319 610
76 310 515 194 893 918 410 13 519
91 72 520 296 52 92 901 610 733
559 967 781 393 545 460 29 5 616
56 851 965 31 320 999 527 536 248
889 147 66 556 402 92 342 526 571
651 626 656 556 186 256 70 623 801
800 951 292 295 524 729 541 583 298
408 335 349 399 687 390 750 386 62
238 444 537 806 270 876 819 321 1
369 732 655 21 957 482 802 329 215
947 377 649 760 751 232 74 384 624
251 633 156 408 100 588 657 557 603
14 277 923 592 334 881 434 655 617
830 279 785 655 911 945 837 560 925
441 665 67 657 876 84 242 954 894
308 12 794 901 105 711 636 98 46
327 407 912 734 866 214 786 438 481
805 835 811 626 742 28 986 410 320
460 629 729 95 45 294 353 284 339
587 432 568 839 347 371 655 832 810
787 467 573 902 871 197 5 443 798
498 946 79 412 587 820 201 369 816
556 654 360 264 722 544 828 557 670
248 222 382 884 949 675 171 691 412
800 211 670 762 39 370 310 969 676
558 126 764 641 773 102 909 201 86
820 416 151 325 435 484 256 331 789
49 497 569 117 923 292 22 352 411
830 948 109 595 711 24 30 700 342
985 349 316 590 876 615 787 927 959
904 699 94 410 913 523 455 438 472
290 903 272 957 643 880 609 544 205
513 132 110 995 491 229 830 367 21
502 300 328 280 851 928 22 703 120
659 516 533 53 46 974 579 108 805
311 160 588 760 123 326 10 486 684
673 696 215 488 602 485 83 39 385
539 435 582 83 288 809 790 816 464
369 119 563 987 662 727 376 390 168
196 40 846 434 740 620 286 126 547
490 615 915 292 851 365 746 449 714
972 866 162 32 227 249 326 157 980
183 298 384 18 21 853 714 335 582
601 353 505 702 130 971 535 730 77
194 788 976 470 125 71 649 250 184
53 519 996 798 844 468 504 792 570
984 990 533 751 915 939 875 451 508
462 880 466 463 588 738 723 22 276
780 63 799 717 81 666 801 83 935
818 898 84 432 277 760 434 396 168
212 972 473 800 827 375 566 540 535
963 923 127 942 298 717 935 752 102
388 900 268 0 807 166 756 222 259
205 821 319 262 14 756 811 0 956
461 880 77 857 929 280 822 80 807
587 108 77 798 222 82 880 470 395
139 799 17 773 278 583 631 867 813
854 843 13 958 958 580 443 799 858
294 997 634 468 443 575 538 481 980
483 200 318 456 5 915 796 586 100
248 884 46 490 254 322 151 118 605
755 587 675 997 195 879 466 590 930
166 628 589 485 318 102 671 952 657
134 408 478 802 917 771 650 559 240
360 933 735 711 821 975 751 80 824
982 938 611 378 487 85 664 3 165
198 84 575 772 274 609 911 90 628
230 312 943 951 415 344 314 994 205
202 183 716 388 429 654 98 841 361
773 153 989 583 963 463 512 619 511
129 217 262 619 725 864 528 429 975
42 546 483 879 867 291 432 505 17
600 693 916 614 180 705 922 831 224
710 136 99 487 839 208 919 147 278
638 70 972 563 346 633 213 590 451
