200
32732
44580
24034
31015
16444
19814
8070
11202
29127
18385
49259
10001
38604
34204
47048
18653
32498
46832
31155
39233
18557
49903
45203
38638
15340
26985
17350
17972
42279
18382
14470
23844
46580
7542
10554
2573
48270
16607
32348
19010
14563
31939
34747
42490
24780
11891
16570
43632
22509
48783
24567
18759
25480
14173
36505
5328
48677
32649
47545
10634
3651
42593
22674
29589
31340
21584
20285
48862
35639
25243
18566
42724
2414
30774
12130
45316
12160
32335
35582
49990
1653
40441
39215
20089
10934
28321
24057
25605
40059
45991
24888
12832
24278
35752
1762
47806
39904
1402
44714
44388
42122
2688
2809
42531
18454
6585
18492
48223
16392
34308
5849
12686
22589
39823
15025
42742
16803
10771
29203
41901
11046
41883
35585
22892
20135
25838
4016
45401
49692
29395
20099
39954
4687
7400
1776
44564
10460
39326
35893
11456
29911
485
45553
44587
14309
3803
8173
30323
34855
5872
44047
44672
220
41001
49967
40523
2102
1470
45120
36200
7793
40423
41036
30176
19267
37254
32038
624
26615
4780
38111
43020
43087
35799
46466
27168
24440
24104
8625
2611
23054
32990
29115
18182
5467
25522
38770
49206
48505
25501
36834
150
34059
42738
30312
39061
3845
32265
23297
49998
